25 30
0000000000000000000000000000
0100000000000000000000000100
0101111111111111111111110100
0101000000000000000010010100
0101011111111111111010010100
0101010000000000011010010100
0101010111111111011010010100
0101010100000000011010010100
0101010101111111011010010100
0101010101000000011010010100
0101010101011111011010010100
0101010101010100011010010100
0101010101010101011010010100
0111000101000101000011001101
0111001101001101001101001101
0111001101001101001101001101
0111001101001101001101001101
0111001101001101001101001101
0111001101001101001101001101
0111001101001101001101001101
0111001101001101001101001101
0111001101001101001101001101
0111111111111111111111111111
0111111111111111111111111111
0111111111111111111111111111
24 3
2 1